6c00
2dbf
4d83
2d81
b42e
1683
942e
3011
6c00
2dbf
1203
280e
b601
1a80
b67f
1b05
b670
1b05
b610
1b05
7400
36af
e680
9e00
3201
297f
c801
c070
6600
b42e
1684
5681
5685
d402
3202
c067
b42d
36ff
942d
d401
c05e
e071
0000
0000
0000
0002
ff13
882b
8c2c
3c00
3401
2804
4f02
4d83
cc01
1f85
1685
0902
c801
c078
a82b
ac2c
e080
1388
1388
1388
1388
1388
1388
1388
1388
1388
1388
1388
1388
1388
1388
1388
1388
0bb8
0000
0000
0000
0000
0000
0000
0000
0000
0000
0000
0000
0000
0000
0000
1770
0bb8
0000
0000
0000
0000
0000
0000
0000
0000
0000
0000
0000
0000
0000
0000
1770
0bb8
0000
0000
0000
0000
0000
0000
0000
0000
0000
0000
0000
0000
0000
0000
1770
0bb8
0000
0000
0000
0000
0000
0000
0000
0000
0000
0000
0000
0000
0000
0000
1770
0bb8
0000
0000
0000
0000
0000
0000
0000
0000
0000
0000
0000
0000
0000
0000
1770
0bb8
0000
0000
0000
0000
0000
0000
0000
0000
0000
0000
0000
0000
0000
0000
1770
0bb8
0000
0000
0000
0000
0000
0000
0000
0000
0000
0000
0000
0000
0000
0000
1770
0bb8
0000
0000
0000
0000
0000
0000
0000
0000
0000
0000
0000
0000
0000
0000
1770
0bb8
0000
0000
0000
0000
0000
0000
0000
0000
0000
0000
0000
0000
0000
0000
1770
0bb8
0000
0000
0000
0000
0000
0000
0000
0000
0000
0000
0000
0000
0000
0000
1770
0bb8
0000
0000
0000
0000
0000
0000
0000
0000
0000
0000
0000
0000
0000
0000
1770
0bb8
0000
0000
0000
0000
0000
0000
0000
0000
0000
0000
0000
0000
0000
0000
1770
0bb8
0000
0000
0000
0000
0000
0000
0000
0000
0000
0000
0000
0000
0000
0000
1770
0bb8
0000
0000
0000
0000
0000
0000
0000
0000
0000
0000
0000
0000
0000
0000
1770
0bb8
2710
2710
2710
2710
2710
2710
2710
2710
2710
2710
2710
2710
2710
2710
1770
